GOLPE;MANO;SHOT SCORE;VELOCIDAD MPH;LANZAMIENTO GRADO;ATRAS RPM;LATERAL RPM;LATERAL GRADO;FUERA DE LINEA YD;CARRY YD;ROLL YD;TOTAL YD;VUELO SEG;EN DESCENSO GRADO;ALTURA YD;VELOCIDAD PALO MPH;SMASH FACTOR;CAMINO GRADO;FTT GRADO
1;R;;138;12;1925;-626;6;1;208;28;237;5;24;16;93;1.48;;
2;R;;134;15;1999;317;8;49;220;24;244;6;32;22;91;1.48;;
3;R;;136;15;3814;-1677;10;-1;206;14;219;6;40;26;94;1.43;;
4;R;;137;13;4200;851;12;69;206;14;221;6;40;24;96;1.42;;
5;R;;132;9;3205;1576;6;57;182;25;206;5;26;13;91;1.45;;
6;R;;143;12;2828;-407;7;19;233;21;253;6;32;23;98;1.46;;
7;R;;139;13;1686;-1119;4;-22;204;28;232;5;26;16;94;1.49;;
8;R;;145;12;2952;-382;4;6;238;20;257;6;33;24;100;1.46;;
9;R;;139;15;4435;1372;7;61;211;10;221;6;46;30;98;1.41;;
10;R;;143;11;3928;56;6;30;224;16;240;6;36;24;100;1.43;;
11;R;;146;12;2828;-407;1;-9;239;20;259;6;33;23;100;1.46;;
12;R;;144;11;3449;148;6;31;228;18;246;6;34;22;99;1.45;;
13;R;;145;13;3430;394;2;25;236;16;251;6;38;28;100;1.45;;
14;R;;136;15;1994;-345;3;-1;225;25;249;6;31;22;92;1.48;;
15;R;;140;13;4340;751;10;58;214;13;226;6;41;26;99;1.42;;
16;R;;133;17;4276;1808;5;57;199;9;208;6;48;31;94;1.42;;
